Vertices: 301
0	4	0	1	0	0	
0.01	3.9801	0	1	0	0	
0.02	3.9604	0	1	0	0	
0.03	3.9409	0	1	0	0	
0.04	3.9216	0	1	0	0	
0.05	3.9025	0	1	0	0	
0.06	3.8836	0	1	0	0	
0.07	3.8649	0	1	0	0	
0.08	3.8464	0	1	0	0	
0.09	3.8281	0	1	0	0	
0.1	3.81	0	1	0	0	
0.11	3.7921	0	1	0	0	
0.12	3.7744	0	1	0	0	
0.13	3.7569	0	1	0	0	
0.14	3.7396	0	1	0	0	
0.15	3.7225	0	1	0	0	
0.16	3.7056	0	1	0	0	
0.17	3.6889	0	1	0	0	
0.18	3.6724	0	1	0	0	
0.19	3.6561	0	1	0	0	
0.2	3.64	0	1	0	0	
0.21	3.6241	0	1	0	0	
0.22	3.6084	0	1	0	0	
0.23	3.5929	0	1	0	0	
0.24	3.5776	0	1	0	0	
0.25	3.5625	0	1	0	0	
0.26	3.5476	0	1	0	0	
0.27	3.5329	0	1	0	0	
0.28	3.5184	0	1	0	0	
0.29	3.5041	0	1	0	0	
0.3	3.49	0	1	0	0	
0.31	3.4761	0	1	0	0	
0.32	3.4624	0	1	0	0	
0.33	3.4489	0	1	0	0	
0.34	3.4356	0	1	0	0	
0.35	3.4225	0	1	0	0	
0.36	3.4096	0	1	0	0	
0.37	3.3969	0	1	0	0	
0.38	3.3844	0	1	0	0	
0.39	3.3721	0	1	0	0	
0.4	3.36	0	1	0	0	
0.41	3.3481	0	1	0	0	
0.42	3.3364	0	1	0	0	
0.43	3.3249	0	1	0	0	
0.44	3.3136	0	1	0	0	
0.45	3.3025	0	1	0	0	
0.46	3.2916	0	1	0	0	
0.47	3.2809	0	1	0	0	
0.48	3.2704	0	1	0	0	
0.49	3.2601	0	1	0	0	
0.5	3.25	0	1	0	0	
0.51	3.2401	0	1	0	0	
0.52	3.2304	0	1	0	0	
0.53	3.2209	0	1	0	0	
0.54	3.2116	0	1	0	0	
0.55	3.2025	0	1	0	0	
0.56	3.1936	0	1	0	0	
0.57	3.1849	0	1	0	0	
0.58	3.1764	0	1	0	0	
0.59	3.1681	0	1	0	0	
0.6	3.16	0	1	0	0	
0.61	3.1521	0	1	0	0	
0.62	3.1444	0	1	0	0	
0.63	3.1369	0	1	0	0	
0.64	3.1296	0	1	0	0	
0.65	3.1225	0	1	0	0	
0.66	3.1156	0	1	0	0	
0.67	3.1089	0	1	0	0	
0.68	3.1024	0	1	0	0	
0.69	3.0961	0	1	0	0	
0.7	3.09	0	1	0	0	
0.71	3.0841	0	1	0	0	
0.72	3.0784	0	1	0	0	
0.73	3.0729	0	1	0	0	
0.74	3.0676	0	1	0	0	
0.75	3.0625	0	1	0	0	
0.76	3.0576	0	1	0	0	
0.77	3.0529	0	1	0	0	
0.78	3.0484	0	1	0	0	
0.79	3.0441	0	1	0	0	
0.8	3.04	0	1	0	0	
0.81	3.0361	0	1	0	0	
0.82	3.0324	0	1	0	0	
0.83	3.0289	0	1	0	0	
0.84	3.0256	0	1	0	0	
0.85	3.0225	0	1	0	0	
0.86	3.0196	0	1	0	0	
0.87	3.0169	0	1	0	0	
0.88	3.0144	0	1	0	0	
0.89	3.0121	0	1	0	0	
0.9	3.01	0	1	0	0	
0.91	3.0081	0	1	0	0	
0.92	3.0064	0	1	0	0	
0.93	3.0049	0	1	0	0	
0.94	3.0036	0	1	0	0	
0.95	3.0025	0	1	0	0	
0.96	3.0016	0	1	0	0	
0.97	3.0009	0	1	0	0	
0.98	3.0004	0	1	0	0	
0.99	3.0001	0	1	0	0	
1	3	0	1	1	0	
1.01	3.0001	0	0	1	0	
1.02	3.0004	0	0	1	0	
1.03	3.0009	0	0	1	0	
1.04	3.0016	0	0	1	0	
1.05	3.0025	0	0	1	0	
1.06	3.0036	0	0	1	0	
1.07	3.0049	0	0	1	0	
1.08	3.0064	0	0	1	0	
1.09	3.0081	0	0	1	0	
1.1	3.01	0	0	1	0	
1.11	3.0121	0	0	1	0	
1.12	3.0144	0	0	1	0	
1.13	3.0169	0	0	1	0	
1.14	3.0196	0	0	1	0	
1.15	3.0225	0	0	1	0	
1.16	3.0256	0	0	1	0	
1.17	3.0289	0	0	1	0	
1.18	3.0324	0	0	1	0	
1.19	3.0361	0	0	1	0	
1.2	3.04	0	0	1	0	
1.21	3.0441	0	0	1	0	
1.22	3.0484	0	0	1	0	
1.23	3.0529	0	0	1	0	
1.24	3.0576	0	0	1	0	
1.25	3.0625	0	0	1	0	
1.26	3.0676	0	0	1	0	
1.27	3.0729	0	0	1	0	
1.28	3.0784	0	0	1	0	
1.29	3.0841	0	0	1	0	
1.3	3.09	0	0	1	0	
1.31	3.0961	0	0	1	0	
1.32	3.1024	0	0	1	0	
1.33	3.1089	0	0	1	0	
1.34	3.1156	0	0	1	0	
1.35	3.1225	0	0	1	0	
1.36	3.1296	0	0	1	0	
1.37	3.1369	0	0	1	0	
1.38	3.1444	0	0	1	0	
1.39	3.1521	0	0	1	0	
1.4	3.16	0	0	1	0	
1.41	3.1681	0	0	1	0	
1.42	3.1764	0	0	1	0	
1.43	3.1849	0	0	1	0	
1.44	3.1936	0	0	1	0	
1.45	3.2025	0	0	1	0	
1.46	3.2116	0	0	1	0	
1.47	3.2209	0	0	1	0	
1.48	3.2304	0	0	1	0	
1.49	3.2401	0	0	1	0	
1.5	3.25	0	0	1	0	
1.51	3.2601	0	0	1	0	
1.52	3.2704	0	0	1	0	
1.53	3.2809	0	0	1	0	
1.54	3.2916	0	0	1	0	
1.55	3.3025	0	0	1	0	
1.56	3.3136	0	0	1	0	
1.57	3.3249	0	0	1	0	
1.58	3.3364	0	0	1	0	
1.59	3.3481	0	0	1	0	
1.6	3.36	0	0	1	0	
1.61	3.3721	0	0	1	0	
1.62	3.3844	0	0	1	0	
1.63	3.3969	0	0	1	0	
1.64	3.4096	0	0	1	0	
1.65	3.4225	0	0	1	0	
1.66	3.4356	0	0	1	0	
1.67	3.4489	0	0	1	0	
1.68	3.4624	0	0	1	0	
1.69	3.4761	0	0	1	0	
1.7	3.49	0	0	1	0	
1.71	3.5041	0	0	1	0	
1.72	3.5184	0	0	1	0	
1.73	3.5329	0	0	1	0	
1.74	3.5476	0	0	1	0	
1.75	3.5625	0	0	1	0	
1.76	3.5776	0	0	1	0	
1.77	3.5929	0	0	1	0	
1.78	3.6084	0	0	1	0	
1.79	3.6241	0	0	1	0	
1.8	3.64	0	0	1	0	
1.81	3.6561	0	0	1	0	
1.82	3.6724	0	0	1	0	
1.83	3.6889	0	0	1	0	
1.84	3.7056	0	0	1	0	
1.85	3.7225	0	0	1	0	
1.86	3.7396	0	0	1	0	
1.87	3.7569	0	0	1	0	
1.88	3.7744	0	0	1	0	
1.89	3.7921	0	0	1	0	
1.9	3.81	0	0	1	0	
1.91	3.8281	0	0	1	0	
1.92	3.8464	0	0	1	0	
1.93	3.8649	0	0	1	0	
1.94	3.8836	0	0	1	0	
1.95	3.9025	0	0	1	0	
1.96	3.9216	0	0	1	0	
1.97	3.9409	0	0	1	0	
1.98	3.9604	0	0	1	0	
1.99	3.9801	0	0	1	0	
2	4	0	0	1	0	
2.01	4.0201	0	0	1	0	
2.02	4.0404	0	0	1	0	
2.03	4.0609	0	0	1	0	
2.04	4.0816	0	0	1	0	
2.05	4.1025	0	0	1	0	
2.06	4.1236	0	0	1	0	
2.07	4.1449	0	0	1	0	
2.08	4.1664	0	0	1	0	
2.09	4.1881	0	0	1	0	
2.1	4.21	0	0	1	0	
2.11	4.2321	0	0	1	0	
2.12	4.2544	0	0	1	0	
2.13	4.2769	0	0	1	0	
2.14	4.2996	0	0	1	0	
2.15	4.3225	0	0	1	0	
2.16	4.3456	0	0	1	0	
2.17	4.3689	0	0	1	0	
2.18	4.3924	0	0	1	0	
2.19	4.4161	0	0	1	0	
2.2	4.44	0	0	1	0	
2.21	4.4641	0	0	1	0	
2.22	4.4884	0	0	1	0	
2.23	4.5129	0	0	1	0	
2.24	4.5376	0	0	1	0	
2.25	4.5625	0	0	1	0	
2.26	4.5876	0	0	1	0	
2.27	4.6129	0	0	1	0	
2.28	4.6384	0	0	1	0	
2.29	4.6641	0	0	1	0	
2.3	4.69	0	0	1	0	
2.31	4.7161	0	0	1	0	
2.32	4.7424	0	0	1	0	
2.33	4.7689	0	0	1	0	
2.34	4.7956	0	0	1	0	
2.35	4.8225	0	0	1	0	
2.36	4.8496	0	0	1	0	
2.37	4.8769	0	0	1	0	
2.38	4.9044	0	0	1	0	
2.39	4.9321	0	0	1	0	
2.4	4.96	0	0	1	0	
2.41	4.9881	0	0	1	0	
2.42	5.0164	0	0	1	0	
2.43	5.0449	0	0	1	0	
2.44	5.0736	0	0	1	0	
2.45	5.1025	0	0	1	0	
2.46	5.1316	0	0	1	0	
2.47	5.1609	0	0	1	0	
2.48	5.1904	0	0	1	0	
2.49	5.2201	0	0	1	0	
2.5	5.25	0	0	1	0	
2.51	5.2801	0	0	1	0	
2.52	5.3104	0	0	1	0	
2.53	5.3409	0	0	1	0	
2.54	5.3716	0	0	1	0	
2.55	5.4025	0	0	1	0	
2.56	5.4336	0	0	1	0	
2.57	5.4649	0	0	1	0	
2.58	5.4964	0	0	1	0	
2.59	5.5281	0	0	1	0	
2.6	5.56	0	0	1	0	
2.61	5.5921	0	0	1	0	
2.62	5.6244	0	0	1	0	
2.63	5.6569	0	0	1	0	
2.64	5.6896	0	0	1	0	
2.65	5.7225	0	0	1	0	
2.66	5.7556	0	0	1	0	
2.67	5.7889	0	0	1	0	
2.68	5.8224	0	0	1	0	
2.69	5.8561	0	0	1	0	
2.7	5.89	0	0	1	0	
2.71	5.9241	0	0	1	0	
2.72	5.9584	0	0	1	0	
2.73	5.9929	0	0	1	0	
2.74	6.0276	0	0	1	0	
2.75	6.0625	0	0	1	0	
2.76	6.0976	0	0	1	0	
2.77	6.1329	0	0	1	0	
2.78	6.1684	0	0	1	0	
2.79	6.2041	0	0	1	0	
2.8	6.24	0	0	1	0	
2.81	6.2761	0	0	1	0	
2.82	6.3124	0	0	1	0	
2.83	6.3489	0	0	1	0	
2.84	6.3856	0	0	1	0	
2.85	6.4225	0	0	1	0	
2.86	6.4596	0	0	1	0	
2.87	6.4969	0	0	1	0	
2.88	6.5344	0	0	1	0	
2.89	6.5721	0	0	1	0	
2.9	6.61	0	0	1	0	
2.91	6.6481	0	0	1	0	
2.92	6.6864	0	0	1	0	
2.93	6.7249	0	0	1	0	
2.94	6.7636	0	0	1	0	
2.95	6.8025	0	0	1	0	
2.96	6.8416	0	0	1	0	
2.97	6.8809	0	0	1	0	
2.98	6.9204	0	0	1	0	
2.99	6.9601	0	0	1	0	
3	7	0	0	1	0	
Vertices: 1001
1	0	0	1	1	1	
0.995004	0.0998334	0.0188496	1	1	1	
0.980067	0.198669	0.0376991	1	1	1	
0.955337	0.29552	0.0565487	1	1	1	
0.921061	0.389418	0.0753982	1	1	1	
0.877583	0.479426	0.0942478	1	1	1	
0.825336	0.564642	0.113097	1	1	1	
0.764842	0.644218	0.131947	1	1	1	
0.696707	0.717356	0.150796	1	1	1	
0.62161	0.783327	0.169646	1	1	1	
0.540302	0.841471	0.188496	1	1	1	
0.453596	0.891207	0.207345	1	1	1	
0.362358	0.932039	0.226195	1	1	1	
0.267499	0.963558	0.245044	1	1	1	
0.169967	0.98545	0.263894	1	1	1	
0.0707372	0.997495	0.282743	1	1	1	
-0.0291995	0.999574	0.301593	1	1	1	
-0.128845	0.991665	0.320442	1	1	1	
-0.227202	0.973848	0.339292	1	1	1	
-0.32329	0.9463	0.358142	1	1	1	
-0.416147	0.909297	0.376991	1	1	1	
-0.504846	0.863209	0.395841	1	1	1	
-0.588501	0.808496	0.41469	1	1	1	
-0.666276	0.745705	0.43354	1	1	1	
-0.737394	0.675463	0.452389	1	1	1	
-0.801144	0.598472	0.471239	1	1	1	
-0.856889	0.515501	0.490088	1	1	1	
-0.904072	0.42738	0.508938	1	1	1	
-0.942222	0.334988	0.527788	1	1	1	
-0.970958	0.239249	0.546637	1	1	1	
-0.989992	0.14112	0.565487	1	1	1	
-0.999135	0.0415808	0.584336	1	1	1	
-0.998295	-0.0583742	0.603186	1	1	1	
-0.98748	-0.157746	0.622035	1	1	1	
-0.966798	-0.255541	0.640885	1	1	1	
-0.936457	-0.350783	0.659734	1	1	1	
-0.896758	-0.44252	0.678584	1	1	1	
-0.8481	-0.529836	0.697434	1	1	1	
-0.790968	-0.611858	0.716283	1	1	1	
-0.725932	-0.687766	0.735133	1	1	1	
-0.653644	-0.756802	0.753982	1	1	1	
-0.574824	-0.818277	0.772832	1	1	1	
-0.490261	-0.871576	0.791681	1	1	1	
-0.400799	-0.916166	0.810531	1	1	1	
-0.307333	-0.951602	0.82938	1	1	1	
-0.210796	-0.97753	0.84823	1	1	1	
-0.112153	-0.993691	0.86708	1	1	1	
-0.0123889	-0.999923	0.885929	1	1	1	
0.0874992	-0.996165	0.904779	1	1	1	
0.186512	-0.982453	0.923628	1	1	1	
0.283662	-0.958924	0.942478	1	1	1	
0.377978	-0.925815	0.961327	1	1	1	
0.468516	-0.883455	0.980177	1	1	1	
0.554375	-0.832267	0.999026	1	1	1	
0.634693	-0.772764	1.01788	1	1	1	
0.70867	-0.70554	1.03673	1	1	1	
0.775566	-0.631267	1.05558	1	1	1	
0.834713	-0.550686	1.07442	1	1	1	
0.88552	-0.464602	1.09327	1	1	1	
0.927478	-0.373877	1.11212	1	1	1	
0.96017	-0.279415	1.13097	1	1	1	
0.983268	-0.182163	1.14982	1	1	1	
0.996542	-0.0830896	1.16867	1	1	1	
0.999859	0.0168141	1.18752	1	1	1	
0.993185	0.116549	1.20637	1	1	1	
0.976588	0.21512	1.22522	1	1	1	
0.950233	0.311541	1.24407	1	1	1	
0.914383	0.40485	1.26292	1	1	1	
0.869397	0.494114	1.28177	1	1	1	
0.815725	0.57844	1.30062	1	1	1	
0.753902	0.656987	1.31947	1	1	1	
0.684547	0.728969	1.33832	1	1	1	
0.608351	0.793668	1.35717	1	1	1	
0.526077	0.850437	1.37602	1	1	1	
0.438547	0.898708	1.39487	1	1	1	
0.346635	0.938	1.41372	1	1	1	
0.25126	0.96792	1.43257	1	1	1	
0.153374	0.988168	1.45142	1	1	1	
0.0539552	0.998543	1.47027	1	1	1	
-0.0460022	0.998941	1.48912	1	1	1	
-0.1455	0.989358	1.50796	1	1	1	
-0.243545	0.96989	1.52681	1	1	1	
-0.339155	0.940731	1.54566	1	1	1	
-0.431377	0.902172	1.56451	1	1	1	
-0.519288	0.854599	1.58336	1	1	1	
-0.602012	0.798487	1.60221	1	1	1	
-0.67872	0.734397	1.62106	1	1	1	
-0.748646	0.662969	1.63991	1	1	1	
-0.811093	0.584917	1.65876	1	1	1	
-0.865435	0.501021	1.67761	1	1	1	
-0.91113	0.412118	1.69646	1	1	1	
-0.947722	0.319098	1.71531	1	1	1	
-0.974844	0.22289	1.73416	1	1	1	
-0.992225	0.124454	1.75301	1	1	1	
-0.999693	0.0247758	1.77186	1	1	1	
-0.997172	-0.0751511	1.79071	1	1	1	
-0.984688	-0.174327	1.80956	1	1	1	
-0.962365	-0.27176	1.82841	1	1	1	
-0.930426	-0.366479	1.84726	1	1	1	
-0.889191	-0.457536	1.86611	1	1	1	
-0.839072	-0.544021	1.88496	1	1	1	
-0.780568	-0.625071	1.90381	1	1	1	
-0.714266	-0.699875	1.92265	1	1	1	
-0.640826	-0.767686	1.9415	1	1	1	
-0.560985	-0.827826	1.96035	1	1	1	
-0.475537	-0.879696	1.9792	1	1	1	
-0.385338	-0.922776	1.99805	1	1	1	
-0.291289	-0.956635	2.0169	1	1	1	
-0.19433	-0.980936	2.03575	1	1	1	
-0.0954292	-0.995436	2.0546	1	1	1	
0.0044257	-0.99999	2.07345	1	1	1	
0.104236	-0.994553	2.0923	1	1	1	
0.203005	-0.979178	2.11115	1	1	1	
0.299746	-0.954019	2.13	1	1	1	
0.393491	-0.919329	2.14885	1	1	1	
0.483305	-0.875452	2.1677	1	1	1	
0.56829	-0.822828	2.18655	1	1	1	
0.647596	-0.761984	2.2054	1	1	1	
0.720433	-0.693525	2.22425	1	1	1	
0.78607	-0.618137	2.2431	1	1	1	
0.843854	-0.536573	2.26195	1	1	1	
0.893206	-0.449647	2.2808	1	1	1	
0.933634	-0.358229	2.29965	1	1	1	
0.964733	-0.263232	2.3185	1	1	1	
0.986192	-0.165605	2.33734	1	1	1	
0.997798	-0.0663219	2.35619	1	1	1	
0.999435	0.0336234	2.37504	1	1	1	
0.991085	0.133232	2.39389	1	1	1	
0.972833	0.23151	2.41274	1	1	1	
0.94486	0.327474	2.43159	1	1	1	
0.907447	0.420167	2.45044	1	1	1	
0.860966	0.508662	2.46929	1	1	1	
0.805884	0.592073	2.48814	1	1	1	
0.742749	0.66957	2.50699	1	1	1	
0.672193	0.740376	2.52584	1	1	1	
0.594921	0.803784	2.54469	1	1	1	
0.511704	0.859162	2.56354	1	1	1	
0.423375	0.905955	2.58239	1	1	1	
0.330815	0.943696	2.60124	1	1	1	
0.23495	0.972007	2.62009	1	1	1	
0.136737	0.990607	2.63894	1	1	1	
0.037158	0.999309	2.65779	1	1	1	
-0.0627915	0.998027	2.67664	1	1	1	
-0.162115	0.986772	2.69549	1	1	1	
-0.259817	0.965658	2.71434	1	1	1	
-0.354924	0.934895	2.73319	1	1	1	
-0.446485	0.894791	2.75204	1	1	1	
-0.533584	0.845747	2.77088	1	1	1	
-0.615353	0.788252	2.78973	1	1	1	
-0.690972	0.722882	2.80858	1	1	1	
-0.759688	0.650288	2.82743	1	1	1	
-0.820813	0.571197	2.84628	1	1	1	
-0.873737	0.486399	2.86513	1	1	1	
-0.917931	0.39674	2.88398	1	1	1	
-0.952953	0.303119	2.90283	1	1	1	
-0.978453	0.206467	2.92168	1	1	1	
-0.994178	0.107753	2.94053	1	1	1	
-0.999968	0.00796337	2.95938	1	1	1	
-0.995768	-0.091907	2.97823	1	1	1	
-0.981618	-0.190858	2.99708	1	1	1	
-0.957659	-0.287903	3.01593	1	1	1	
-0.924133	-0.382072	3.03478	1	1	1	
-0.881372	-0.472423	3.05363	1	1	1	
-0.829806	-0.558052	3.07248	1	1	1	
-0.769948	-0.638106	3.09133	1	1	1	
-0.702397	-0.711785	3.11018	1	1	1	
-0.627828	-0.778352	3.12903	1	1	1	
-0.546985	-0.837142	3.14788	1	1	1	
-0.460679	-0.887567	3.16673	1	1	1	
-0.369769	-0.929124	3.18557	1	1	1	
-0.275163	-0.961397	3.20442	1	1	1	
-0.177809	-0.984065	3.22327	1	1	1	
-0.0786774	-0.9969	3.24212	1	1	1	
0.021238	-0.999774	3.26097	1	1	1	
0.120943	-0.992659	3.27982	1	1	1	
0.21944	-0.975626	3.29867	1	1	1	
0.315744	-0.948844	3.31752	1	1	1	
0.408893	-0.912582	3.33637	1	1	1	
0.497956	-0.867203	3.35522	1	1	1	
0.582044	-0.813157	3.37407	1	1	1	
0.660317	-0.750987	3.39292	1	1	1	
0.731992	-0.681314	3.41177	1	1	1	
0.796353	-0.604832	3.43062	1	1	1	
0.852756	-0.522309	3.44947	1	1	1	
0.90064	-0.434566	3.46832	1	1	1	
0.939525	-0.342481	3.48717	1	1	1	
0.969022	-0.246973	3.50602	1	1	1	
0.988837	-0.148998	3.52487	1	1	1	
0.998772	-0.0495364	3.54372	1	1	1	
0.998728	0.0504223	3.56257	1	1	1	
0.988705	0.149877	3.58142	1	1	1	
0.968802	0.247835	3.60027	1	1	1	
0.93922	0.343316	3.61911	1	1	1	
0.900254	0.435365	3.63796	1	1	1	
0.852293	0.523065	3.65681	1	1	1	
0.795815	0.60554	3.67566	1	1	1	
0.731386	0.681964	3.69451	1	1	1	
0.659649	0.751574	3.71336	1	1	1	
0.581322	0.813673	3.73221	1	1	1	
0.497186	0.867644	3.75106	1	1	1	
0.408082	0.912945	3.76991	1	1	1	
0.314901	0.949125	3.78876	1	1	1	
0.218573	0.975821	3.80761	1	1	1	
0.120063	0.992766	3.82646	1	1	1	
0.0203512	0.999793	3.84531	1	1	1	
-0.0795636	0.99683	3.86416	1	1	1	
-0.178683	0.983907	3.88301	1	1	1	
-0.276018	0.961152	3.90186	1	1	1	
-0.370593	0.928796	3.92071	1	1	1	
-0.461466	0.887158	3.93956	1	1	1	
-0.547729	0.836656	3.95841	1	1	1	
-0.628519	0.777794	3.97726	1	1	1	
-0.70303	0.711161	3.99611	1	1	1	
-0.770514	0.637423	4.01496	1	1	1	
-0.830301	0.557315	4.03381	1	1	1	
-0.881792	0.471639	4.05265	1	1	1	
-0.924472	0.38125	4.0715	1	1	1	
-0.957915	0.287052	4.09035	1	1	1	
-0.981787	0.189987	4.1092	1	1	1	
-0.995849	0.0910228	4.12805	1	1	1	
-0.999961	-0.00885131	4.1469	1	1	1	
-0.994081	-0.108637	4.16575	1	1	1	
-0.97827	-0.207337	4.1846	1	1	1	
-0.952684	-0.303964	4.20345	1	1	1	
-0.917578	-0.397555	4.2223	1	1	1	
-0.873305	-0.487175	4.24115	1	1	1	
-0.820305	-0.571926	4.26	1	1	1	
-0.75911	-0.650963	4.27885	1	1	1	
-0.69033	-0.723494	4.2977	1	1	1	
-0.614652	-0.788798	4.31655	1	1	1	
-0.532833	-0.84622	4.3354	1	1	1	
-0.44569	-0.895188	4.35425	1	1	1	
-0.354093	-0.93521	4.3731	1	1	1	
-0.25896	-0.965888	4.39195	1	1	1	
-0.161238	-0.986915	4.4108	1	1	1	
-0.0619053	-0.998082	4.42965	1	1	1	
0.0380463	-0.999276	4.4485	1	1	1	
0.137618	-0.990485	4.46735	1	1	1	
0.235812	-0.971799	4.48619	1	1	1	
0.331653	-0.943402	4.50504	1	1	1	
0.424179	-0.905578	4.52389	1	1	1	
0.512467	-0.858707	4.54274	1	1	1	
0.595635	-0.803255	4.56159	1	1	1	
0.67285	-0.739779	4.58044	1	1	1	
0.743343	-0.66891	4.59929	1	1	1	
0.806409	-0.591358	4.61814	1	1	1	
0.861418	-0.507896	4.63699	1	1	1	
0.90782	-0.41936	4.65584	1	1	1	
0.94515	-0.326636	4.67469	1	1	1	
0.973038	-0.230646	4.69354	1	1	1	
0.991203	-0.132352	4.71239	1	1	1	
0.999464	-0.032735	4.73124	1	1	1	
0.997739	0.0672088	4.75009	1	1	1	
0.986045	0.166479	4.76894	1	1	1	
0.964499	0.264088	4.78779	1	1	1	
0.933315	0.359058	4.80664	1	1	1	
0.892806	0.450441	4.82549	1	1	1	
0.843377	0.537323	4.84434	1	1	1	
0.785521	0.618834	4.86318	1	1	1	
0.719817	0.694164	4.88204	1	1	1	
0.646919	0.762558	4.90088	1	1	1	
0.567558	0.823333	4.91973	1	1	1	
0.482526	0.875881	4.93858	1	1	1	
0.392675	0.919677	4.95743	1	1	1	
0.298898	0.954285	4.97628	1	1	1	
0.202135	0.979358	4.99513	1	1	1	
0.103352	0.994645	5.01398	1	1	1	
0.00353679	0.999994	5.03283	1	1	1	
-0.0963122	0.995351	5.05168	1	1	1	
-0.195201	0.980763	5.07053	1	1	1	
-0.292139	0.956376	5.08938	1	1	1	
-0.386158	0.922433	5.10823	1	1	1	
-0.476319	0.879273	5.12708	1	1	1	
-0.561719	0.827328	5.14593	1	1	1	
-0.641508	0.767117	5.16478	1	1	1	
-0.714887	0.69924	5.18363	1	1	1	
-0.781123	0.624377	5.20248	1	1	1	
-0.839555	0.543275	5.22133	1	1	1	
-0.889597	0.456747	5.24018	1	1	1	
-0.930751	0.365653	5.25903	1	1	1	
-0.962606	0.270906	5.27788	1	1	1	
-0.984842	0.173452	5.29672	1	1	1	
-0.997239	0.0742647	5.31558	1	1	1	
-0.999671	-0.0256625	5.33442	1	1	1	
-0.992114	-0.125335	5.35327	1	1	1	
-0.974645	-0.223756	5.37212	1	1	1	
-0.947438	-0.31994	5.39097	1	1	1	
-0.910764	-0.412928	5.40982	1	1	1	
-0.86499	-0.501789	5.42867	1	1	1	
-0.810573	-0.585637	5.44752	1	1	1	
-0.748058	-0.663634	5.46637	1	1	1	
-0.678067	-0.735	5.48522	1	1	1	
-0.601302	-0.799022	5.50407	1	1	1	
-0.51853	-0.855059	5.52292	1	1	1	
-0.430576	-0.902554	5.54177	1	1	1	
-0.338319	-0.941031	5.56062	1	1	1	
-0.242682	-0.970106	5.57947	1	1	1	
-0.144621	-0.989487	5.59832	1	1	1	
-0.0451157	-0.998982	5.61717	1	1	1	
0.0548419	-0.998495	5.63602	1	1	1	
0.154251	-0.988032	5.65487	1	1	1	
0.25212	-0.967696	5.67372	1	1	1	
0.347469	-0.937691	5.69257	1	1	1	
0.439345	-0.898319	5.71142	1	1	1	
0.526832	-0.849969	5.73026	1	1	1	
0.609056	-0.793127	5.74911	1	1	1	
0.685194	-0.728361	5.76796	1	1	1	
0.754486	-0.656316	5.78681	1	1	1	
0.816238	-0.577716	5.80566	1	1	1	
0.869836	-0.493341	5.82451	1	1	1	
0.914742	-0.404038	5.84336	1	1	1	
0.950509	-0.310697	5.86221	1	1	1	
0.976778	-0.214252	5.88106	1	1	1	
0.993288	-0.115668	5.89991	1	1	1	
0.999873	-0.0159262	5.91876	1	1	1	
0.996468	0.0839745	5.93761	1	1	1	
0.983106	0.183036	5.95646	1	1	1	
0.959922	0.280269	5.97531	1	1	1	
0.927146	0.3747	5.99416	1	1	1	
0.885107	0.465388	6.01301	1	1	1	
0.834223	0.551427	6.03186	1	1	1	
0.775006	0.631954	6.05071	1	1	1	
0.708042	0.70617	6.06956	1	1	1	
0.634007	0.773327	6.08841	1	1	1	
0.553634	0.83276	6.10726	1	1	1	
0.467732	0.88387	6.12611	1	1	1	
0.377157	0.926149	6.14496	1	1	1	
0.28281	0.959176	6.1638	1	1	1	
0.18564	0.982618	6.18265	1	1	1	
0.0866127	0.996242	6.2015	1	1	1	
-0.0132767	0.999912	6.22035	1	1	1	
-0.113034	0.993591	6.2392	1	1	1	
-0.211665	0.977342	6.25805	1	1	1	
-0.308177	0.951329	6.2769	1	1	1	
-0.401614	0.915809	6.29575	1	1	1	
-0.491035	0.87114	6.3146	1	1	1	
-0.575549	0.817767	6.33345	1	1	1	
-0.654316	0.756221	6.3523	1	1	1	
-0.726542	0.687122	6.37115	1	1	1	
-0.791512	0.611154	6.39	1	1	1	
-0.84857	0.529083	6.40885	1	1	1	
-0.89715	0.441725	6.4277	1	1	1	
-0.936768	0.349951	6.44655	1	1	1	
-0.967025	0.254683	6.4654	1	1	1	
-0.98762	0.156867	6.48425	1	1	1	
-0.998346	0.0574875	6.5031	1	1	1	
-0.999098	-0.0424665	6.52195	1	1	1	
-0.989867	-0.142	6.5408	1	1	1	
-0.970746	-0.240111	6.55965	1	1	1	
-0.941924	-0.335826	6.5785	1	1	1	
-0.903692	-0.428183	6.59734	1	1	1	
-0.856431	-0.516261	6.61619	1	1	1	
-0.800611	-0.599184	6.63504	1	1	1	
-0.736794	-0.676117	6.65389	1	1	1	
-0.665612	-0.746298	6.67274	1	1	1	
-0.587783	-0.809019	6.69159	1	1	1	
-0.504081	-0.863657	6.71044	1	1	1	
-0.415338	-0.909667	6.72929	1	1	1	
-0.32245	-0.946587	6.74814	1	1	1	
-0.226336	-0.974049	6.76699	1	1	1	
-0.127964	-0.991779	6.78584	1	1	1	
-0.0283133	-0.999599	6.80469	1	1	1	
0.0716239	-0.997432	6.82354	1	1	1	
0.170842	-0.985299	6.84239	1	1	1	
0.268356	-0.96332	6.86124	1	1	1	
0.363185	-0.931717	6.88009	1	1	1	
0.454386	-0.890805	6.89894	1	1	1	
0.54105	-0.84099	6.91779	1	1	1	
0.622305	-0.782775	6.93664	1	1	1	
0.697345	-0.716736	6.95549	1	1	1	
0.765414	-0.643538	6.97434	1	1	1	
0.825836	-0.56391	6.99319	1	1	1	
0.878008	-0.478645	7.01204	1	1	1	
0.921406	-0.388601	7.03088	1	1	1	
0.955599	-0.29467	7.04973	1	1	1	
0.980243	-0.197799	7.06858	1	1	1	
0.995092	-0.0989512	7.08743	1	1	1	
1	0.00088892	7.10628	1	1	1	
0.994915	0.100716	7.12513	1	1	1	
0.979889	0.199541	7.14398	1	1	1	
0.955074	0.296369	7.16283	1	1	1	
0.920715	0.390235	7.18168	1	1	1	
0.877156	0.480205	7.20053	1	1	1	
0.824834	0.565375	7.21938	1	1	1	
0.764269	0.644898	7.23823	1	1	1	
0.696069	0.717975	7.25708	1	1	1	
0.620915	0.783878	7.27593	1	1	1	
0.539554	0.841951	7.29478	1	1	1	
0.452805	0.89161	7.31363	1	1	1	
0.361528	0.932361	7.33248	1	1	1	
0.266643	0.963795	7.35133	1	1	1	
0.169093	0.9856	7.37018	1	1	1	
0.0698505	0.997557	7.38903	1	1	1	
-0.0300865	0.999547	7.40788	1	1	1	
-0.129727	0.99155	7.42672	1	1	1	
-0.228067	0.973645	7.44558	1	1	1	
-0.324128	0.946013	7.46442	1	1	1	
-0.416955	0.908927	7.48327	1	1	1	
-0.505612	0.862761	7.50212	1	1	1	
-0.58922	0.807972	7.52097	1	1	1	
-0.666938	0.745113	7.53982	1	1	1	
-0.737992	0.674809	7.55867	1	1	1	
-0.801675	0.59776	7.57752	1	1	1	
-0.857346	0.514741	7.59637	1	1	1	
-0.904452	0.426575	7.61522	1	1	1	
-0.942519	0.334151	7.63407	1	1	1	
-0.97117	0.238388	7.65292	1	1	1	
-0.990118	0.14024	7.67177	1	1	1	
-0.999172	0.040694	7.69062	1	1	1	
-0.998242	-0.0592623	7.70947	1	1	1	
-0.987339	-0.158623	7.72832	1	1	1	
-0.966571	-0.256398	7.74717	1	1	1	
-0.936144	-0.351616	7.76602	1	1	1	
-0.896365	-0.443316	7.78487	1	1	1	
-0.847628	-0.53059	7.80372	1	1	1	
-0.790424	-0.61256	7.82257	1	1	1	
-0.725322	-0.68841	7.84142	1	1	1	
-0.652971	-0.757383	7.86026	1	1	1	
-0.574098	-0.818787	7.87912	1	1	1	
-0.489485	-0.872012	7.89796	1	1	1	
-0.399985	-0.916522	7.91681	1	1	1	
-0.306489	-0.951874	7.93566	1	1	1	
-0.209927	-0.977717	7.95451	1	1	1	
-0.111271	-0.99379	7.97336	1	1	1	
-0.011499	-0.999934	7.99221	1	1	1	
0.0883837	-0.996086	8.01106	1	1	1	
0.187383	-0.982287	8.02991	1	1	1	
0.284514	-0.958672	8.04876	1	1	1	
0.378799	-0.925479	8.06761	1	1	1	
0.469302	-0.883037	8.08646	1	1	1	
0.555113	-0.831775	8.10531	1	1	1	
0.635378	-0.772201	8.12416	1	1	1	
0.709297	-0.70491	8.14301	1	1	1	
0.776126	-0.630578	8.16186	1	1	1	
0.835202	-0.549943	8.18071	1	1	1	
0.885932	-0.463816	8.19956	1	1	1	
0.92781	-0.373054	8.21841	1	1	1	
0.960418	-0.278562	8.23726	1	1	1	
0.98343	-0.18129	8.25611	1	1	1	
0.996616	-0.0822028	8.27496	1	1	1	
0.999843	0.0177019	8.2938	1	1	1	
0.993081	0.11743	8.31265	1	1	1	
0.976396	0.215988	8.3315	1	1	1	
0.949956	0.312384	8.35035	1	1	1	
0.914023	0.405663	8.3692	1	1	1	
0.868958	0.494885	8.38805	1	1	1	
0.815212	0.579163	8.4069	1	1	1	
0.753318	0.657656	8.42575	1	1	1	
0.6839	0.729576	8.4446	1	1	1	
0.607645	0.794209	8.46345	1	1	1	
0.525322	0.850904	8.4823	1	1	1	
0.43775	0.899097	8.50115	1	1	1	
0.345801	0.938308	8.52	1	1	1	
0.250401	0.968142	8.53885	1	1	1	
0.152495	0.988304	8.5577	1	1	1	
0.0530685	0.998591	8.57655	1	1	1	
-0.0468878	0.9989	8.5954	1	1	1	
-0.146379	0.989229	8.61425	1	1	1	
-0.244405	0.969673	8.6331	1	1	1	
-0.339992	0.940428	8.65195	1	1	1	
-0.432178	0.901788	8.6708	1	1	1	
-0.520046	0.854138	8.68965	1	1	1	
-0.602721	0.797952	8.7085	1	1	1	
-0.679371	0.733795	8.72734	1	1	1	
-0.749236	0.662303	8.74619	1	1	1	
-0.811612	0.584197	8.76504	1	1	1	
-0.865879	0.500253	8.78389	1	1	1	
-0.911496	0.411308	8.80274	1	1	1	
-0.948004	0.318257	8.82159	1	1	1	
-0.975042	0.222023	8.84044	1	1	1	
-0.992335	0.123573	8.85929	1	1	1	
-0.999715	0.0238891	8.87814	1	1	1	
-0.997105	-0.0760375	8.89699	1	1	1	
-0.984533	-0.175201	8.91584	1	1	1	
-0.962123	-0.272617	8.93469	1	1	1	
-0.9301	-0.367305	8.95354	1	1	1	
-0.888785	-0.458324	8.97239	1	1	1	
-0.838588	-0.544767	8.99124	1	1	1	
-0.780013	-0.625763	9.01009	1	1	1	
-0.713643	-0.70051	9.02894	1	1	1	
-0.640144	-0.768255	9.04779	1	1	1	
-0.56025	-0.828324	9.06664	1	1	1	
-0.474755	-0.880118	9.08549	1	1	1	
-0.384519	-0.923117	9.10434	1	1	1	
-0.290438	-0.956894	9.12319	1	1	1	
-0.193459	-0.981108	9.14204	1	1	1	
-0.0945462	-0.99552	9.16088	1	1	1	
0.00531461	-0.999986	9.17973	1	1	1	
0.105119	-0.99446	9.19858	1	1	1	
0.203876	-0.978997	9.21743	1	1	1	
0.300593	-0.953753	9.23628	1	1	1	
0.394306	-0.918979	9.25513	1	1	1	
0.484083	-0.875022	9.27398	1	1	1	
0.56902	-0.822324	9.29283	1	1	1	
0.648274	-0.761407	9.31168	1	1	1	
0.721048	-0.692885	9.33053	1	1	1	
0.786618	-0.61744	9.34938	1	1	1	
0.844331	-0.535823	9.36823	1	1	1	
0.893605	-0.448855	9.38708	1	1	1	
0.933952	-0.357399	9.40593	1	1	1	
0.964966	-0.262375	9.42478	1	1	1	
0.986339	-0.16473	9.44363	1	1	1	
0.997857	-0.0654349	9.46248	1	1	1	
0.999404	0.0345099	9.48133	1	1	1	
0.990966	0.134114	9.50018	1	1	1	
0.972627	0.232374	9.51903	1	1	1	
0.944569	0.328312	9.53788	1	1	1	
0.907073	0.420974	9.55673	1	1	1	
0.860515	0.509425	9.57557	1	1	1	
0.805357	0.59279	9.59442	1	1	1	
0.742154	0.670229	9.61327	1	1	1	
0.671536	0.740972	9.63212	1	1	1	
0.594206	0.804313	9.65097	1	1	1	
0.510941	0.859616	9.66982	1	1	1	
0.422568	0.906331	9.68867	1	1	1	
0.329977	0.943989	9.70752	1	1	1	
0.234088	0.972215	9.72637	1	1	1	
0.135857	0.990728	9.74522	1	1	1	
0.0362716	0.999342	9.76407	1	1	1	
-0.0636796	0.99797	9.78292	1	1	1	
-0.162991	0.986628	9.80177	1	1	1	
-0.260673	0.965427	9.82062	1	1	1	
-0.355755	0.934579	9.83947	1	1	1	
-0.447279	0.894395	9.85832	1	1	1	
-0.534337	0.845272	9.87717	1	1	1	
-0.616052	0.787705	9.89602	1	1	1	
-0.691613	0.722268	9.91487	1	1	1	
-0.760266	0.649612	9.93372	1	1	1	
-0.82132	0.570468	9.95257	1	1	1	
-0.874169	0.485621	9.97141	1	1	1	
-0.918283	0.395925	9.99026	1	1	1	
-0.953221	0.302273	10.0091	1	1	1	
-0.978637	0.205598	10.028	1	1	1	
-0.994273	0.106871	10.0468	1	1	1	
-0.999975	0.00707353	10.0657	1	1	1	
-0.995686	-0.0927912	10.0845	1	1	1	
-0.981448	-0.191729	10.1034	1	1	1	
-0.957403	-0.288754	10.1222	1	1	1	
-0.923793	-0.382891	10.1411	1	1	1	
-0.880952	-0.473206	10.1599	1	1	1	
-0.82931	-0.558789	10.1788	1	1	1	
-0.769382	-0.638789	10.1976	1	1	1	
-0.701764	-0.712409	10.2165	1	1	1	
-0.627137	-0.778909	10.2353	1	1	1	
-0.546241	-0.837628	10.2542	1	1	1	
-0.45989	-0.887976	10.273	1	1	1	
-0.368944	-0.929452	10.2919	1	1	1	
-0.274309	-0.961642	10.3107	1	1	1	
-0.176936	-0.984222	10.3296	1	1	1	
-0.0777912	-0.99697	10.3484	1	1	1	
0.0221268	-0.999755	10.3673	1	1	1	
0.121824	-0.992552	10.3861	1	1	1	
0.220307	-0.975431	10.405	1	1	1	
0.316586	-0.948564	10.4238	1	1	1	
0.409704	-0.912218	10.4427	1	1	1	
0.498726	-0.86676	10.4615	1	1	1	
0.582765	-0.812641	10.4804	1	1	1	
0.660984	-0.7504	10.4992	1	1	1	
0.732596	-0.680664	10.5181	1	1	1	
0.79689	-0.604124	10.5369	1	1	1	
0.85322	-0.521551	10.5558	1	1	1	
0.901025	-0.433767	10.5746	1	1	1	
0.939829	-0.341645	10.5934	1	1	1	
0.969241	-0.246114	10.6123	1	1	1	
0.98897	-0.148119	10.6312	1	1	1	
0.998816	-0.0486486	10.65	1	1	1	
0.998683	0.0513082	10.6688	1	1	1	
0.988571	0.150756	10.6877	1	1	1	
0.968582	0.248694	10.7065	1	1	1	
0.938915	0.34415	10.7254	1	1	1	
0.899867	0.436165	10.7442	1	1	1	
0.851828	0.523821	10.7631	1	1	1	
0.795276	0.606247	10.7819	1	1	1	
0.730781	0.682612	10.8008	1	1	1	
0.658981	0.75216	10.8196	1	1	1	
0.580599	0.81419	10.8385	1	1	1	
0.496416	0.868085	10.8573	1	1	1	
0.40727	0.913308	10.8762	1	1	1	
0.314059	0.949404	10.895	1	1	1	
0.217705	0.976015	10.9139	1	1	1	
0.11918	0.992873	10.9327	1	1	1	
0.0194644	0.999811	10.9516	1	1	1	
-0.0804496	0.996759	10.9704	1	1	1	
-0.179556	0.983748	10.9893	1	1	1	
-0.276872	0.960907	11.0081	1	1	1	
-0.371418	0.928466	11.027	1	1	1	
-0.462253	0.886748	11.0458	1	1	1	
-0.548473	0.836168	11.0647	1	1	1	
-0.629209	0.777236	11.0835	1	1	1	
-0.703661	0.710535	11.1024	1	1	1	
-0.77108	0.636738	11.1212	1	1	1	
-0.830795	0.556579	11.1401	1	1	1	
-0.882211	0.470855	11.1589	1	1	1	
-0.92481	0.38043	11.1778	1	1	1	
-0.95817	0.2862	11.1966	1	1	1	
-0.981955	0.189115	11.2155	1	1	1	
-0.995929	0.0901394	11.2343	1	1	1	
-0.999953	-0.00974019	11.2532	1	1	1	
-0.993985	-0.109519	11.272	1	1	1	
-0.978085	-0.208207	11.2909	1	1	1	
-0.952413	-0.304811	11.3097	1	1	1	
-0.917225	-0.398369	11.3286	1	1	1	
-0.872871	-0.487951	11.3474	1	1	1	
-0.819798	-0.572653	11.3663	1	1	1	
-0.758531	-0.651637	11.3851	1	1	1	
-0.689687	-0.724108	11.404	1	1	1	
-0.613953	-0.789343	11.4228	1	1	1	
-0.532081	-0.846694	11.4417	1	1	1	
-0.444895	-0.895582	11.4605	1	1	1	
-0.353262	-0.935525	11.4794	1	1	1	
-0.258102	-0.966118	11.4982	1	1	1	
-0.160363	-0.987058	11.5171	1	1	1	
-0.0610181	-0.998137	11.5359	1	1	1	
0.0389327	-0.999242	11.5548	1	1	1	
0.138498	-0.990363	11.5736	1	1	1	
0.236676	-0.971589	11.5925	1	1	1	
0.332489	-0.943107	11.6113	1	1	1	
0.424984	-0.905201	11.6302	1	1	1	
0.513229	-0.858252	11.649	1	1	1	
0.596349	-0.802725	11.6679	1	1	1	
0.673507	-0.739181	11.6867	1	1	1	
0.743936	-0.668251	11.7056	1	1	1	
0.806935	-0.59064	11.7244	1	1	1	
0.861868	-0.507132	11.7433	1	1	1	
0.908192	-0.418553	11.7621	1	1	1	
0.94544	-0.325796	11.781	1	1	1	
0.973242	-0.229783	11.7998	1	1	1	
0.99132	-0.131471	11.8187	1	1	1	
0.999493	-0.0318484	11.8375	1	1	1	
0.997679	0.0680957	11.8564	1	1	1	
0.985897	0.167356	11.8752	1	1	1	
0.964264	0.264944	11.8941	1	1	1	
0.932996	0.359888	11.9129	1	1	1	
0.892406	0.451233	11.9318	1	1	1	
0.842899	0.538072	11.9506	1	1	1	
0.784971	0.619532	11.9695	1	1	1	
0.7192	0.694803	11.9883	1	1	1	
0.646241	0.763133	12.0072	1	1	1	
0.566828	0.823836	12.026	1	1	1	
0.481748	0.87631	12.0449	1	1	1	
0.391857	0.920026	12.0637	1	1	1	
0.298052	0.95455	12.0826	1	1	1	
0.201268	0.979536	12.1014	1	1	1	
0.102466	0.994736	12.1203	1	1	1	
0.00264787	0.999996	12.1391	1	1	1	
-0.0971969	0.995265	12.158	1	1	1	
-0.196071	0.98059	12.1768	1	1	1	
-0.292985	0.956117	12.1957	1	1	1	
-0.38698	0.922088	12.2145	1	1	1	
-0.4771	0.878849	12.2334	1	1	1	
-0.562454	0.826829	12.2522	1	1	1	
-0.642188	0.766547	12.2711	1	1	1	
-0.715506	0.698607	12.2899	1	1	1	
-0.781679	0.623681	12.3088	1	1	1	
-0.840037	0.542529	12.3276	1	1	1	
-0.890002	0.455956	12.3465	1	1	1	
-0.931075	0.364827	12.3653	1	1	1	
-0.962845	0.270054	12.3842	1	1	1	
-0.984996	0.172574	12.403	1	1	1	
-0.997304	0.0733782	12.4219	1	1	1	
-0.999647	-0.0265512	12.4407	1	1	1	
-0.992003	-0.126215	12.4596	1	1	1	
-0.974447	-0.224618	12.4784	1	1	1	
-0.947152	-0.320784	12.4973	1	1	1	
-0.910396	-0.413738	12.5161	1	1	1	
-0.864544	-0.502557	12.535	1	1	1	
-0.810054	-0.586356	12.5538	1	1	1	
-0.74747	-0.664296	12.5727	1	1	1	
-0.677412	-0.735604	12.5915	1	1	1	
-0.600591	-0.799556	12.6104	1	1	1	
-0.51777	-0.85552	12.6292	1	1	1	
-0.429775	-0.902936	12.6481	1	1	1	
-0.337486	-0.94133	12.6669	1	1	1	
-0.241818	-0.970322	12.6858	1	1	1	
-0.143741	-0.989615	12.7046	1	1	1	
-0.0442276	-0.999021	12.7235	1	1	1	
0.0557275	-0.998446	12.7423	1	1	1	
0.155126	-0.987895	12.7611	1	1	1	
0.252982	-0.967471	12.78	1	1	1	
0.348302	-0.937382	12.7989	1	1	1	
0.440143	-0.897928	12.8177	1	1	1	
0.527586	-0.849502	12.8365	1	1	1	
0.609758	-0.792588	12.8554	1	1	1	
0.685843	-0.72775	12.8742	1	1	1	
0.755069	-0.655645	12.8931	1	1	1	
0.816751	-0.57699	12.9119	1	1	1	
0.870273	-0.49257	12.9308	1	1	1	
0.9151	-0.403228	12.9496	1	1	1	
0.950785	-0.30985	12.9685	1	1	1	
0.976969	-0.213383	12.9873	1	1	1	
0.99339	-0.114785	13.0062	1	1	1	
0.999887	-0.0150393	13.025	1	1	1	
0.996393	0.0848564	13.0439	1	1	1	
0.982943	0.183912	13.0627	1	1	1	
0.959672	0.281122	13.0816	1	1	1	
0.926813	0.375524	13.1004	1	1	1	
0.884694	0.466173	13.1193	1	1	1	
0.833735	0.552165	13.1381	1	1	1	
0.774441	0.632646	13.157	1	1	1	
0.707414	0.706799	13.1758	1	1	1	
0.633319	0.773891	13.1947	1	1	1	
0.552896	0.83325	13.2135	1	1	1	
0.466949	0.884284	13.2324	1	1	1	
0.37633	0.926486	13.2512	1	1	1	
0.281957	0.959427	13.2701	1	1	1	
0.184767	0.982782	13.2889	1	1	1	
0.0857309	0.996318	13.3078	1	1	1	
-0.0141618	0.9999	13.3266	1	1	1	
-0.11392	0.99349	13.3455	1	1	1	
-0.212533	0.977154	13.3643	1	1	1	
-0.309023	0.951055	13.3832	1	1	1	
-0.402425	0.915453	13.402	1	1	1	
-0.491806	0.870705	13.4209	1	1	1	
-0.576279	0.817253	13.4397	1	1	1	
-0.654988	0.755639	13.4586	1	1	1	
-0.727153	0.686476	13.4774	1	1	1	
-0.792052	0.610453	13.4963	1	1	1	
-0.849038	0.528331	13.5151	1	1	1	
-0.897544	0.440924	13.534	1	1	1	
-0.937079	0.349118	13.5528	1	1	1	
-0.967251	0.253823	13.5717	1	1	1	
-0.987758	0.155993	13.5905	1	1	1	
-0.998397	0.0566038	13.6094	1	1	1	
-0.99906	-0.0433584	13.6282	1	1	1	
-0.98974	-0.14288	13.6471	1	1	1	
-0.970532	-0.240974	13.6659	1	1	1	
-0.941626	-0.33666	13.6848	1	1	1	
-0.903313	-0.428982	13.7036	1	1	1	
-0.85597	-0.517025	13.7225	1	1	1	
-0.800078	-0.599895	13.7413	1	1	1	
-0.736193	-0.676772	13.7602	1	1	1	
-0.664952	-0.746887	13.779	1	1	1	
-0.587067	-0.809539	13.7979	1	1	1	
-0.503309	-0.864106	13.8167	1	1	1	
-0.41453	-0.910036	13.8356	1	1	1	
-0.321608	-0.946873	13.8544	1	1	1	
-0.225473	-0.974249	13.8733	1	1	1	
-0.127086	-0.991892	13.8921	1	1	1	
-0.0274209	-0.999624	13.911	1	1	1	
0.0725105	-0.997368	13.9298	1	1	1	
0.171717	-0.985146	13.9487	1	1	1	
0.269209	-0.963082	13.9675	1	1	1	
0.36401	-0.931395	13.9864	1	1	1	
0.455181	-0.890399	14.0052	1	1	1	
0.541797	-0.840509	14.0241	1	1	1	
0.623	-0.782221	14.0429	1	1	1	
0.697979	-0.716118	14.0618	1	1	1	
0.765983	-0.64286	14.0806	1	1	1	
0.826339	-0.563173	14.0995	1	1	1	
0.878434	-0.477865	14.1183	1	1	1	
0.921751	-0.387782	14.1372	1	1	1	
0.955859	-0.293824	14.156	1	1	1	
0.980417	-0.196931	14.1749	1	1	1	
0.99518	-0.0980628	14.1937	1	1	1	
0.999998	0.00177784	14.2126	1	1	1	
0.994825	0.101601	14.2314	1	1	1	
0.979712	0.200408	14.2503	1	1	1	
0.954811	0.297214	14.2691	1	1	1	
0.920367	0.391057	14.288	1	1	1	
0.876729	0.480985	14.3068	1	1	1	
0.824331	0.566108	14.3257	1	1	1	
0.763698	0.645574	14.3445	1	1	1	
0.695434	0.71859	14.3634	1	1	1	
0.620215	0.784432	14.3822	1	1	1	
0.538805	0.84243	14.4011	1	1	1	
0.452012	0.892012	14.4199	1	1	1	
0.360703	0.932681	14.4388	1	1	1	
0.26579	0.964031	14.4576	1	1	1	
0.168213	0.985751	14.4765	1	1	1	
0.0689637	0.997619	14.4953	1	1	1	
-0.030975	0.99952	14.5142	1	1	1	
-0.130604	0.991435	14.533	1	1	1	
-0.228929	0.973443	14.5519	1	1	1	
-0.324973	0.945723	14.5707	1	1	1	
-0.417763	0.908556	14.5896	1	1	1	
-0.506379	0.862311	14.6084	1	1	1	
-0.589935	0.807451	14.6273	1	1	1	
-0.667597	0.744523	14.6461	1	1	1	
-0.738594	0.67415	14.665	1	1	1	
-0.802206	0.597047	14.6838	1	1	1	
-0.857803	0.513978	14.7027	1	1	1	
-0.904829	0.425775	14.7215	1	1	1	
-0.942815	0.333317	14.7404	1	1	1	
-0.971382	0.237521	14.7592	1	1	1	
-0.990242	0.13936	14.7781	1	1	1	
-0.999207	0.0398058	14.7969	1	1	1	
-0.99819	-0.0601458	14.8158	1	1	1	
-0.987198	-0.159497	14.8346	1	1	1	
-0.966342	-0.257261	14.8534	1	1	1	
-0.935832	-0.352448	14.8723	1	1	1	
-0.895971	-0.444113	14.8912	1	1	1	
-0.847158	-0.53134	14.91	1	1	1	
-0.789881	-0.613259	14.9288	1	1	1	
-0.724707	-0.689057	14.9477	1	1	1	
-0.652297	-0.757963	14.9665	1	1	1	
-0.57337	-0.819297	14.9854	1	1	1	
-0.488713	-0.872445	15.0042	1	1	1	
-0.399174	-0.916875	15.0231	1	1	1	
-0.305639	-0.952147	15.0419	1	1	1	
-0.209058	-0.977903	15.0608	1	1	1	
-0.110387	-0.993889	15.0796	1	1	1	
-0.010614	-0.999944	15.0985	1	1	1	
0.0892653	-0.996008	15.1173	1	1	1	
0.18826	-0.982119	15.1362	1	1	1	
0.285367	-0.958418	15.155	1	1	1	
0.379622	-0.925142	15.1739	1	1	1	
0.470084	-0.882622	15.1927	1	1	1	
0.555849	-0.831283	15.2116	1	1	1	
0.636067	-0.771634	15.2304	1	1	1	
0.709923	-0.704279	15.2493	1	1	1	
0.776686	-0.629888	15.2681	1	1	1	
0.835689	-0.549203	15.287	1	1	1	
0.886342	-0.463031	15.3058	1	1	1	
0.928142	-0.372226	15.3247	1	1	1	
0.960666	-0.277708	15.3435	1	1	1	
0.98359	-0.180416	15.3624	1	1	1	
0.996688	-0.0813206	15.3812	1	1	1	
0.999827	0.0185869	15.4001	1	1	1	
0.992976	0.118316	15.4189	1	1	1	
0.976204	0.216856	15.4378	1	1	1	
0.949678	0.313229	15.4566	1	1	1	
0.913663	0.406472	15.4755	1	1	1	
0.86852	0.495654	15.4943	1	1	1	
0.814695	0.57989	15.5132	1	1	1	
0.752733	0.658326	15.532	1	1	1	
0.683251	0.730184	15.5509	1	1	1	
0.606942	0.794746	15.5697	1	1	1	
0.524569	0.851368	15.5886	1	1	1	
0.436947	0.899487	15.6074	1	1	1	
0.344967	0.938615	15.6263	1	1	1	
0.24954	0.968364	15.6451	1	1	1	
0.15162	0.988439	15.664	1	1	1	
0.0521847	0.998637	15.6828	1	1	1	
-0.0477795	0.998858	15.7017	1	1	1	
-0.147259	0.989098	15.7205	1	1	1	
-0.245267	0.969456	15.7394	1	1	1	
-0.340824	0.940127	15.7582	1	1	1	
-0.432976	0.901405	15.7771	1	1	1	
-0.520808	0.853674	15.7959	1	1	1	
-0.603431	0.797416	15.8148	1	1	1	
-0.680023	0.73319	15.8336	1	1	1	
-0.749822	0.66164	15.8525	1	1	1	
-0.812129	0.583478	15.8713	1	1	1	
-0.866325	0.49948	15.8902	1	1	1	
-0.911861	0.410498	15.909	1	1	1	
-0.948287	0.317414	15.9279	1	1	1	
-0.975238	0.221159	15.9467	1	1	1	
-0.992444	0.122695	15.9656	1	1	1	
-0.999736	0.0229966	15.9844	1	1	1	
-0.997037	-0.0769238	16.0033	1	1	1	
-0.984377	-0.176076	16.0221	1	1	1	
-0.961881	-0.273468	16.041	1	1	1	
-0.929775	-0.368128	16.0598	1	1	1	
-0.888376	-0.459117	16.0787	1	1	1	
-0.838103	-0.545512	16.0975	1	1	1	
-0.779457	-0.626456	16.1164	1	1	1	
-0.713022	-0.701141	16.1352	1	1	1	
-0.639464	-0.768821	16.1541	1	1	1	
-0.55951	-0.828823	16.1729	1	1	1	
-0.473972	-0.88054	16.1918	1	1	1	
-0.383698	-0.923458	16.2106	1	1	1	
-0.289591	-0.95715	16.2295	1	1	1	
-0.19259	-0.981279	16.2483	1	1	1	
-0.0936575	-0.995604	16.2672	1	1	1	
0.00620351	-0.999981	16.286	1	1	1	
0.106003	-0.994366	16.3049	1	1	1	
0.204742	-0.978816	16.3237	1	1	1	
0.301437	-0.953486	16.3426	1	1	1	
0.395126	-0.918627	16.3614	1	1	1	
0.48486	-0.874592	16.3803	1	1	1	
0.56975	-0.821818	16.3991	1	1	1	
0.648948	-0.760833	16.418	1	1	1	
0.721661	-0.692246	16.4368	1	1	1	
0.787169	-0.616737	16.4557	1	1	1	
0.844807	-0.535072	16.4745	1	1	1	
0.894003	-0.44806	16.4934	1	1	1	
0.934268	-0.356572	16.5122	1	1	1	
0.965198	-0.261521	16.5311	1	1	1	
0.986485	-0.163849	16.5499	1	1	1	
0.997915	-0.0645479	16.5688	1	1	1	
0.999373	0.0353983	16.5876	1	1	1	
0.990847	0.134991	16.6065	1	1	1	
0.972421	0.233235	16.6253	1	1	1	
0.944276	0.329155	16.6442	1	1	1	
0.906698	0.42178	16.663	1	1	1	
0.860062	0.51019	16.6819	1	1	1	
0.804832	0.593503	16.7007	1	1	1	
0.741561	0.670886	16.7196	1	1	1	
0.670875	0.741571	16.7384	1	1	1	
0.593491	0.804841	16.7573	1	1	1	
0.510177	0.860069	16.7761	1	1	1	
0.421766	0.906705	16.795	1	1	1	
0.329141	0.944281	16.8138	1	1	1	
0.23322	0.972424	16.8327	1	1	1	
0.134976	0.990849	16.8515	1	1	1	
0.0353832	0.999374	16.8704	1	1	1	
-0.0645629	0.997914	16.8892	1	1	1	
-0.163864	0.986483	16.9081	1	1	1	
-0.261535	0.965194	16.9269	1	1	1	
-0.356586	0.934263	16.9458	1	1	1	
-0.448074	0.893997	16.9646	1	1	1	
-0.535085	0.844799	16.9834	1	1	1	
-0.616749	0.78716	17.0023	1	1	1	
-0.692257	0.721651	17.0212	1	1	1	
-0.760843	0.648936	17.04	1	1	1	
-0.821826	0.569738	17.0588	1	1	1	
-0.874599	0.484847	17.0777	1	1	1	
-0.918633	0.395112	17.0965	1	1	1	
-0.953491	0.301422	17.1154	1	1	1	
-0.978819	0.204728	17.1342	1	1	1	
-0.994367	0.105988	17.1531	1	1	1	
-0.999981	0.00618844	17.1719	1	1	1	
-0.995603	-0.0936725	17.1908	1	1	1	
-0.981276	-0.192605	17.2096	1	1	1	
-0.957146	-0.289605	17.2285	1	1	1	
-0.923453	-0.383712	17.2473	1	1	1	
-0.880533	-0.473985	17.2662	1	1	1	
-0.828815	-0.559523	17.285	1	1	1	
-0.768811	-0.639476	17.3039	1	1	1	
-0.701131	-0.713033	17.3227	1	1	1	
-0.626444	-0.779466	17.3416	1	1	1	
-0.545499	-0.838111	17.3604	1	1	1	
-0.459104	-0.888383	17.3793	1	1	1	
-0.368114	-0.92978	17.3981	1	1	1	
-0.273454	-0.961885	17.417	1	1	1	
-0.176061	-0.984379	17.4358	1	1	1	
-0.0769088	-0.997038	17.4547	1	1	1	
0.0230116	-0.999735	17.4735	1	1	1	
0.12271	-0.992443	17.4924	1	1	1	
0.221174	-0.975234	17.5112	1	1	1	
0.317429	-0.948282	17.5301	1	1	1	
0.410512	-0.911855	17.5489	1	1	1	
0.499493	-0.866318	17.5678	1	1	1	
0.58349	-0.81212	17.5866	1	1	1	
0.661651	-0.749812	17.6055	1	1	1	
0.733201	-0.680012	17.6243	1	1	1	
0.797425	-0.603419	17.6432	1	1	1	
0.853681	-0.520796	17.662	1	1	1	
0.901412	-0.432962	17.6809	1	1	1	
0.940132	-0.34081	17.6997	1	1	1	
0.969459	-0.245252	17.7186	1	1	1	
0.9891	-0.147244	17.7374	1	1	1	
0.998859	-0.0477645	17.7563	1	1	1	
0.998637	0.0521997	17.7751	1	1	1	
0.988437	0.151635	17.794	1	1	1	
0.968361	0.249555	17.8128	1	1	1	
0.93861	0.344981	17.8317	1	1	1	
0.89948	0.436961	17.8505	1	1	1	
0.85136	0.524581	17.8694	1	1	1	
0.794737	0.606954	17.8882	1	1	1	
0.730174	0.683262	17.9071	1	1	1	
0.658315	0.752743	17.9259	1	1	1	
0.579878	0.814703	17.9448	1	1	1	
0.495641	0.868527	17.9636	1	1	1	
0.406458	0.913669	17.9825	1	1	1	
0.313214	0.949682	18.0013	1	1	1	
0.216841	0.976207	18.0202	1	1	1	
0.118301	0.992978	18.039	1	1	1	
0.0185718	0.999828	18.0579	1	1	1	
-0.0813356	0.996687	18.0767	1	1	1	
-0.18043	0.983588	18.0956	1	1	1	
-0.277723	0.960661	18.1144	1	1	1	
-0.37224	0.928137	18.1333	1	1	1	
-0.463045	0.886335	18.1521	1	1	1	
-0.549216	0.835681	18.171	1	1	1	
-0.6299	0.776676	18.1898	1	1	1	
-0.70429	0.709912	18.2087	1	1	1	
-0.771644	0.636055	18.2275	1	1	1	
-0.831291	0.555837	18.2464	1	1	1	
-0.882629	0.470071	18.2652	1	1	1	
-0.925148	0.379608	18.2841	1	1	1	
-0.958423	0.285352	18.3029	1	1	1	
-0.982122	0.188245	18.3218	1	1	1	
-0.996009	0.0892503	18.3406	1	1	1	
-0.999943	-0.0106291	18.3595	1	1	1	
-0.993887	-0.110402	18.3783	1	1	1	
-0.9779	-0.209072	18.3972	1	1	1	
-0.952143	-0.305653	18.416	1	1	1	
-0.916869	-0.399188	18.4349	1	1	1	
-0.872437	-0.488726	18.4537	1	1	1	
-0.819288	-0.573382	18.4726	1	1	1	
-0.757954	-0.652309	18.4914	1	1	1	
-0.689046	-0.724718	18.5103	1	1	1	
-0.613248	-0.789891	18.5291	1	1	1	
-0.531328	-0.847166	18.548	1	1	1	
-0.444099	-0.895978	18.5668	1	1	1	
-0.352433	-0.935837	18.5857	1	1	1	
-0.257246	-0.966346	18.6045	1	1	1	
-0.159482	-0.987201	18.6234	1	1	1	
-0.0601308	-0.998191	18.6422	1	1	1	
0.0398209	-0.999207	18.6611	1	1	1	
0.139375	-0.99024	18.6799	1	1	1	
0.237536	-0.971379	18.6988	1	1	1	
0.333331	-0.94281	18.7176	1	1	1	
0.425788	-0.904823	18.7365	1	1	1	
0.513991	-0.857795	18.7553	1	1	1	
0.597059	-0.802197	18.7742	1	1	1	
0.674161	-0.738584	18.793	1	1	1	
0.744533	-0.667586	18.8119	1	1	1	
0.80746	-0.589923	18.8307	1	1	1	
0.862319	-0.506366	18.8496	1	1	1	
Vertices: 600
0	0	0	1	0	0	
0	1	1	1	0	0	
1	0	1	1	0	0	
0	1	1	1	0	0	
1	0	1	1	0	0	
1	1	2	1	0	0	
0	1	1	1	0	0	
0	2	2	1	0	0	
1	1	2	1	0	0	
0	2	2	1	0	0	
1	1	2	1	0	0	
1	2	3	1	0	0	
0	2	2	1	0	0	
0	3	3	1	0	0	
1	2	3	1	0	0	
0	3	3	1	0	0	
1	2	3	1	0	0	
1	3	4	1	0	0	
0	3	3	1	0	0	
0	4	4	1	0	0	
1	3	4	1	0	0	
0	4	4	1	0	0	
1	3	4	1	0	0	
1	4	5	1	0	0	
0	4	4	1	0	0	
0	5	5	1	0	0	
1	4	5	1	0	0	
0	5	5	1	0	0	
1	4	5	1	0	0	
1	5	6	1	0	0	
0	5	5	1	0	0	
0	6	6	1	0	0	
1	5	6	1	0	0	
0	6	6	1	0	0	
1	5	6	1	0	0	
1	6	7	1	0	0	
0	6	6	1	0	0	
0	7	7	1	0	0	
1	6	7	1	0	0	
0	7	7	1	0	0	
1	6	7	1	0	0	
1	7	8	1	0	0	
0	7	7	1	0	0	
0	8	8	1	0	0	
1	7	8	1	0	0	
0	8	8	1	0	0	
1	7	8	1	0	0	
1	8	9	1	0	0	
0	8	8	1	0	0	
0	9	9	1	0	0	
1	8	9	1	0	0	
0	9	9	1	0	0	
1	8	9	1	0	0	
1	9	10	1	0	0	
0	9	9	1	0	0	
0	10	10	1	0	0	
1	9	10	1	0	0	
0	10	10	1	0	0	
1	9	10	1	0	0	
1	10	11	1	0	0	
1	0	1	1	0	0	
1	1	2	1	0	0	
2	0	2	1	0	0	
1	1	2	1	0	0	
2	0	2	1	0	0	
2	1	3	1	0	0	
1	1	2	1	0	0	
1	2	3	1	0	0	
2	1	3	1	0	0	
1	2	3	1	0	0	
2	1	3	1	0	0	
2	2	4	1	0	0	
1	2	3	1	0	0	
1	3	4	1	0	0	
2	2	4	1	0	0	
1	3	4	1	0	0	
2	2	4	1	0	0	
2	3	5	1	0	0	
1	3	4	1	0	0	
1	4	5	1	0	0	
2	3	5	1	0	0	
1	4	5	1	0	0	
2	3	5	1	0	0	
2	4	6	1	0	0	
1	4	5	1	0	0	
1	5	6	1	0	0	
2	4	6	1	0	0	
1	5	6	1	0	0	
2	4	6	1	0	0	
2	5	7	1	0	0	
1	5	6	1	0	0	
1	6	7	1	0	0	
2	5	7	1	0	0	
1	6	7	1	0	0	
2	5	7	1	0	0	
2	6	8	1	0	0	
1	6	7	1	0	0	
1	7	8	1	0	0	
2	6	8	1	0	0	
1	7	8	1	0	0	
2	6	8	1	0	0	
2	7	9	1	0	0	
1	7	8	1	0	0	
1	8	9	1	0	0	
2	7	9	1	0	0	
1	8	9	1	0	0	
2	7	9	1	0	0	
2	8	10	1	0	0	
1	8	9	1	0	0	
1	9	10	1	0	0	
2	8	10	1	0	0	
1	9	10	1	0	0	
2	8	10	1	0	0	
2	9	11	1	0	0	
1	9	10	1	0	0	
1	10	11	1	0	0	
2	9	11	1	0	0	
1	10	11	1	0	0	
2	9	11	1	0	0	
2	10	12	1	0	0	
2	0	2	1	0	0	
2	1	3	1	0	0	
3	0	3	1	0	0	
2	1	3	1	0	0	
3	0	3	1	0	0	
3	1	4	1	0	0	
2	1	3	1	0	0	
2	2	4	1	0	0	
3	1	4	1	0	0	
2	2	4	1	0	0	
3	1	4	1	0	0	
3	2	5	1	0	0	
2	2	4	1	0	0	
2	3	5	1	0	0	
3	2	5	1	0	0	
2	3	5	1	0	0	
3	2	5	1	0	0	
3	3	6	1	0	0	
2	3	5	1	0	0	
2	4	6	1	0	0	
3	3	6	1	0	0	
2	4	6	1	0	0	
3	3	6	1	0	0	
3	4	7	1	0	0	
2	4	6	1	0	0	
2	5	7	1	0	0	
3	4	7	1	0	0	
2	5	7	1	0	0	
3	4	7	1	0	0	
3	5	8	1	0	0	
2	5	7	1	0	0	
2	6	8	1	0	0	
3	5	8	1	0	0	
2	6	8	1	0	0	
3	5	8	1	0	0	
3	6	9	1	0	0	
2	6	8	1	0	0	
2	7	9	1	0	0	
3	6	9	1	0	0	
2	7	9	1	0	0	
3	6	9	1	0	0	
3	7	10	1	0	0	
2	7	9	1	0	0	
2	8	10	1	0	0	
3	7	10	1	0	0	
2	8	10	1	0	0	
3	7	10	1	0	0	
3	8	11	1	0	0	
2	8	10	1	0	0	
2	9	11	1	0	0	
3	8	11	1	0	0	
2	9	11	1	0	0	
3	8	11	1	0	0	
3	9	12	1	0	0	
2	9	11	1	0	0	
2	10	12	1	0	0	
3	9	12	1	0	0	
2	10	12	1	0	0	
3	9	12	1	0	0	
3	10	13	1	0	0	
3	0	3	1	0	0	
3	1	4	1	0	0	
4	0	4	1	0	0	
3	1	4	1	0	0	
4	0	4	1	0	0	
4	1	5	1	0	0	
3	1	4	1	0	0	
3	2	5	1	0	0	
4	1	5	1	0	0	
3	2	5	1	0	0	
4	1	5	1	0	0	
4	2	6	1	0	0	
3	2	5	1	0	0	
3	3	6	1	0	0	
4	2	6	1	0	0	
3	3	6	1	0	0	
4	2	6	1	0	0	
4	3	7	1	0	0	
3	3	6	1	0	0	
3	4	7	1	0	0	
4	3	7	1	0	0	
3	4	7	1	0	0	
4	3	7	1	0	0	
4	4	8	1	0	0	
3	4	7	1	0	0	
3	5	8	1	0	0	
4	4	8	1	0	0	
3	5	8	1	0	0	
4	4	8	1	0	0	
4	5	9	1	0	0	
3	5	8	1	0	0	
3	6	9	1	0	0	
4	5	9	1	0	0	
3	6	9	1	0	0	
4	5	9	1	0	0	
4	6	10	1	0	0	
3	6	9	1	0	0	
3	7	10	1	0	0	
4	6	10	1	0	0	
3	7	10	1	0	0	
4	6	10	1	0	0	
4	7	11	1	0	0	
3	7	10	1	0	0	
3	8	11	1	0	0	
4	7	11	1	0	0	
3	8	11	1	0	0	
4	7	11	1	0	0	
4	8	12	1	0	0	
3	8	11	1	0	0	
3	9	12	1	0	0	
4	8	12	1	0	0	
3	9	12	1	0	0	
4	8	12	1	0	0	
4	9	13	1	0	0	
3	9	12	1	0	0	
3	10	13	1	0	0	
4	9	13	1	0	0	
3	10	13	1	0	0	
4	9	13	1	0	0	
4	10	14	1	0	0	
4	0	4	1	0	0	
4	1	5	1	0	0	
5	0	5	1	0	0	
4	1	5	1	0	0	
5	0	5	1	0	0	
5	1	6	1	0	0	
4	1	5	1	0	0	
4	2	6	1	0	0	
5	1	6	1	0	0	
4	2	6	1	0	0	
5	1	6	1	0	0	
5	2	7	1	0	0	
4	2	6	1	0	0	
4	3	7	1	0	0	
5	2	7	1	0	0	
4	3	7	1	0	0	
5	2	7	1	0	0	
5	3	8	1	0	0	
4	3	7	1	0	0	
4	4	8	1	0	0	
5	3	8	1	0	0	
4	4	8	1	0	0	
5	3	8	1	0	0	
5	4	9	1	0	0	
4	4	8	1	0	0	
4	5	9	1	0	0	
5	4	9	1	0	0	
4	5	9	1	0	0	
5	4	9	1	0	0	
5	5	10	1	0	0	
4	5	9	1	0	0	
4	6	10	1	0	0	
5	5	10	1	0	0	
4	6	10	1	0	0	
5	5	10	1	0	0	
5	6	11	1	0	0	
4	6	10	1	0	0	
4	7	11	1	0	0	
5	6	11	1	0	0	
4	7	11	1	0	0	
5	6	11	1	0	0	
5	7	12	1	0	0	
4	7	11	1	0	0	
4	8	12	1	0	0	
5	7	12	1	0	0	
4	8	12	1	0	0	
5	7	12	1	0	0	
5	8	13	1	0	0	
4	8	12	1	0	0	
4	9	13	1	0	0	
5	8	13	1	0	0	
4	9	13	1	0	0	
5	8	13	1	0	0	
5	9	14	1	0	0	
4	9	13	1	0	0	
4	10	14	1	0	0	
5	9	14	1	0	0	
4	10	14	1	0	0	
5	9	14	1	0	0	
5	10	15	1	0	0	
5	0	5	1	0	0	
5	1	6	1	0	0	
6	0	6	1	0	0	
5	1	6	1	0	0	
6	0	6	1	0	0	
6	1	7	1	0	0	
5	1	6	1	0	0	
5	2	7	1	0	0	
6	1	7	1	0	0	
5	2	7	1	0	0	
6	1	7	1	0	0	
6	2	8	1	0	0	
5	2	7	1	0	0	
5	3	8	1	0	0	
6	2	8	1	0	0	
5	3	8	1	0	0	
6	2	8	1	0	0	
6	3	9	1	0	0	
5	3	8	1	0	0	
5	4	9	1	0	0	
6	3	9	1	0	0	
5	4	9	1	0	0	
6	3	9	1	0	0	
6	4	10	1	0	0	
5	4	9	1	0	0	
5	5	10	1	0	0	
6	4	10	1	0	0	
5	5	10	1	0	0	
6	4	10	1	0	0	
6	5	11	1	0	0	
5	5	10	1	0	0	
5	6	11	1	0	0	
6	5	11	1	0	0	
5	6	11	1	0	0	
6	5	11	1	0	0	
6	6	12	1	0	0	
5	6	11	1	0	0	
5	7	12	1	0	0	
6	6	12	1	0	0	
5	7	12	1	0	0	
6	6	12	1	0	0	
6	7	13	1	0	0	
5	7	12	1	0	0	
5	8	13	1	0	0	
6	7	13	1	0	0	
5	8	13	1	0	0	
6	7	13	1	0	0	
6	8	14	1	0	0	
5	8	13	1	0	0	
5	9	14	1	0	0	
6	8	14	1	0	0	
5	9	14	1	0	0	
6	8	14	1	0	0	
6	9	15	1	0	0	
5	9	14	1	0	0	
5	10	15	1	0	0	
6	9	15	1	0	0	
5	10	15	1	0	0	
6	9	15	1	0	0	
6	10	16	1	0	0	
6	0	6	1	0	0	
6	1	7	1	0	0	
7	0	7	1	0	0	
6	1	7	1	0	0	
7	0	7	1	0	0	
7	1	8	1	0	0	
6	1	7	1	0	0	
6	2	8	1	0	0	
7	1	8	1	0	0	
6	2	8	1	0	0	
7	1	8	1	0	0	
7	2	9	1	0	0	
6	2	8	1	0	0	
6	3	9	1	0	0	
7	2	9	1	0	0	
6	3	9	1	0	0	
7	2	9	1	0	0	
7	3	10	1	0	0	
6	3	9	1	0	0	
6	4	10	1	0	0	
7	3	10	1	0	0	
6	4	10	1	0	0	
7	3	10	1	0	0	
7	4	11	1	0	0	
6	4	10	1	0	0	
6	5	11	1	0	0	
7	4	11	1	0	0	
6	5	11	1	0	0	
7	4	11	1	0	0	
7	5	12	1	0	0	
6	5	11	1	0	0	
6	6	12	1	0	0	
7	5	12	1	0	0	
6	6	12	1	0	0	
7	5	12	1	0	0	
7	6	13	1	0	0	
6	6	12	1	0	0	
6	7	13	1	0	0	
7	6	13	1	0	0	
6	7	13	1	0	0	
7	6	13	1	0	0	
7	7	14	1	0	0	
6	7	13	1	0	0	
6	8	14	1	0	0	
7	7	14	1	0	0	
6	8	14	1	0	0	
7	7	14	1	0	0	
7	8	15	1	0	0	
6	8	14	1	0	0	
6	9	15	1	0	0	
7	8	15	1	0	0	
6	9	15	1	0	0	
7	8	15	1	0	0	
7	9	16	1	0	0	
6	9	15	1	0	0	
6	10	16	1	0	0	
7	9	16	1	0	0	
6	10	16	1	0	0	
7	9	16	1	0	0	
7	10	17	1	0	0	
7	0	7	1	0	0	
7	1	8	1	0	0	
8	0	8	1	0	0	
7	1	8	1	0	0	
8	0	8	1	0	0	
8	1	9	1	0	0	
7	1	8	1	0	0	
7	2	9	1	0	0	
8	1	9	1	0	0	
7	2	9	1	0	0	
8	1	9	1	0	0	
8	2	10	1	0	0	
7	2	9	1	0	0	
7	3	10	1	0	0	
8	2	10	1	0	0	
7	3	10	1	0	0	
8	2	10	1	0	0	
8	3	11	1	0	0	
7	3	10	1	0	0	
7	4	11	1	0	0	
8	3	11	1	0	0	
7	4	11	1	0	0	
8	3	11	1	0	0	
8	4	12	1	0	0	
7	4	11	1	0	0	
7	5	12	1	0	0	
8	4	12	1	0	0	
7	5	12	1	0	0	
8	4	12	1	0	0	
8	5	13	1	0	0	
7	5	12	1	0	0	
7	6	13	1	0	0	
8	5	13	1	0	0	
7	6	13	1	0	0	
8	5	13	1	0	0	
8	6	14	1	0	0	
7	6	13	1	0	0	
7	7	14	1	0	0	
8	6	14	1	0	0	
7	7	14	1	0	0	
8	6	14	1	0	0	
8	7	15	1	0	0	
7	7	14	1	0	0	
7	8	15	1	0	0	
8	7	15	1	0	0	
7	8	15	1	0	0	
8	7	15	1	0	0	
8	8	16	1	0	0	
7	8	15	1	0	0	
7	9	16	1	0	0	
8	8	16	1	0	0	
7	9	16	1	0	0	
8	8	16	1	0	0	
8	9	17	1	0	0	
7	9	16	1	0	0	
7	10	17	1	0	0	
8	9	17	1	0	0	
7	10	17	1	0	0	
8	9	17	1	0	0	
8	10	18	1	0	0	
8	0	8	1	0	0	
8	1	9	1	0	0	
9	0	9	1	0	0	
8	1	9	1	0	0	
9	0	9	1	0	0	
9	1	10	1	0	0	
8	1	9	1	0	0	
8	2	10	1	0	0	
9	1	10	1	0	0	
8	2	10	1	0	0	
9	1	10	1	0	0	
9	2	11	1	0	0	
8	2	10	1	0	0	
8	3	11	1	0	0	
9	2	11	1	0	0	
8	3	11	1	0	0	
9	2	11	1	0	0	
9	3	12	1	0	0	
8	3	11	1	0	0	
8	4	12	1	0	0	
9	3	12	1	0	0	
8	4	12	1	0	0	
9	3	12	1	0	0	
9	4	13	1	0	0	
8	4	12	1	0	0	
8	5	13	1	0	0	
9	4	13	1	0	0	
8	5	13	1	0	0	
9	4	13	1	0	0	
9	5	14	1	0	0	
8	5	13	1	0	0	
8	6	14	1	0	0	
9	5	14	1	0	0	
8	6	14	1	0	0	
9	5	14	1	0	0	
9	6	15	1	0	0	
8	6	14	1	0	0	
8	7	15	1	0	0	
9	6	15	1	0	0	
8	7	15	1	0	0	
9	6	15	1	0	0	
9	7	16	1	0	0	
8	7	15	1	0	0	
8	8	16	1	0	0	
9	7	16	1	0	0	
8	8	16	1	0	0	
9	7	16	1	0	0	
9	8	17	1	0	0	
8	8	16	1	0	0	
8	9	17	1	0	0	
9	8	17	1	0	0	
8	9	17	1	0	0	
9	8	17	1	0	0	
9	9	18	1	0	0	
8	9	17	1	0	0	
8	10	18	1	0	0	
9	9	18	1	0	0	
8	10	18	1	0	0	
9	9	18	1	0	0	
9	10	19	1	0	0	
9	0	9	1	0	0	
9	1	10	1	0	0	
10	0	10	1	0	0	
9	1	10	1	0	0	
10	0	10	1	0	0	
10	1	11	1	0	0	
9	1	10	1	0	0	
9	2	11	1	0	0	
10	1	11	1	0	0	
9	2	11	1	0	0	
10	1	11	1	0	0	
10	2	12	1	0	0	
9	2	11	1	0	0	
9	3	12	1	0	0	
10	2	12	1	0	0	
9	3	12	1	0	0	
10	2	12	1	0	0	
10	3	13	1	0	0	
9	3	12	1	0	0	
9	4	13	1	0	0	
10	3	13	1	0	0	
9	4	13	1	0	0	
10	3	13	1	0	0	
10	4	14	1	0	0	
9	4	13	1	0	0	
9	5	14	1	0	0	
10	4	14	1	0	0	
9	5	14	1	0	0	
10	4	14	1	0	0	
10	5	15	1	0	0	
9	5	14	1	0	0	
9	6	15	1	0	0	
10	5	15	1	0	0	
9	6	15	1	0	0	
10	5	15	1	0	0	
10	6	16	1	0	0	
9	6	15	1	0	0	
9	7	16	1	0	0	
10	6	16	1	0	0	
9	7	16	1	0	0	
10	6	16	1	0	0	
10	7	17	1	0	0	
9	7	16	1	0	0	
9	8	17	1	0	0	
10	7	17	1	0	0	
9	8	17	1	0	0	
10	7	17	1	0	0	
10	8	18	1	0	0	
9	8	17	1	0	0	
9	9	18	1	0	0	
10	8	18	1	0	0	
9	9	18	1	0	0	
10	8	18	1	0	0	
10	9	19	1	0	0	
9	9	18	1	0	0	
9	10	19	1	0	0	
10	9	19	1	0	0	
9	10	19	1	0	0	
10	9	19	1	0	0	
10	10	20	1	0	0	
